-0.335043
-0.835432
-1.138182
-1.280243
-1.466300
-1.840261
-2.164131
-2.280734
-2.496070
-2.701748
-2.914268
-2.972576
-3.024269
-2.967285
-2.896003
-2.776042
-2.660790
-2.458802
-2.135322
-1.745867
-1.380957
-1.104051
-0.855375
-0.554271
-0.391021
-0.175700
-0.074400
-0.063588
-0.075133
-0.109647
-0.101137
-0.071778
-0.027217
0.043105
0.041869
0.000537
-0.044614
-0.086661
-0.315653
-0.504229
-0.564860
-0.614700
-0.665889
-0.699204
-0.741269
-0.694781
-0.849073
-1.210766
-1.525018
-1.868720
-2.182916
-2.471214
-2.585165
-2.578772
-2.640102
-2.658066
-2.618715
-2.494224
-2.385016
-2.369596
-2.265098
-2.263511
-2.301885
-2.229137
-2.214543
-2.155536
-2.084741
-2.007911
-1.945574
-1.859407
-1.789852
-1.715758
-1.720320
-1.730614
-1.651151
-1.539763
-1.433351
-1.347207
-1.214903
-0.977743
-0.798342
-0.545781
-0.379977
-0.217823
0.024980
0.159084
0.283878
0.213287
0.114867
0.063570
-0.001276
0.054828
0.124484
0.199976
0.221743
0.245843
0.178960
0.083835
-0.005209
-0.121980
-0.203301
-0.283046
-0.342298
-0.388010
-0.387495
-0.454469
-0.500168
-0.504745
-0.488220
-0.172159
0.023982
0.127921
0.141687
0.158834
0.168065
0.178967
0.179086
0.121299
0.036351
-0.092841
-0.124397
-0.164455
0.005465
0.123374
0.325230
0.428619
0.519096
0.681389
0.775250
0.994710
1.172069
1.314420
1.487551
1.660487
1.700475
1.745930
1.781589
1.730192
1.711689
1.705606
1.692571
1.631161
1.617108
1.473596
1.339578
1.295893
1.222968
1.147907
0.988268
0.905380
0.796617
0.665630
0.544251
0.499590
0.568991
0.598534
0.693833
0.813240
0.868807
1.024493
1.191432
1.342151
1.383517
1.332353
1.257140
1.207021
1.115707
1.116807
1.112121
1.116517
1.143932
1.226563
1.143307
1.100947
1.034471
0.870885
0.603564
0.429525
0.320982
0.200374
0.095620
-0.010676
-0.164831
-0.240653
-0.250250
-0.269276
-0.232452
-0.238446
-0.334555
-0.418008
-0.467460
-0.491304
-0.545868
-0.552083
-0.508382
-0.473136
-0.456084
-0.443111
-0.337755
-0.300820
-0.254096
-0.239322
-0.284849
-0.320463
-0.375825
-0.427680
-0.458647
-0.532725
-0.594265
-0.636506
-0.710210
-0.753480
-0.708595
-0.706037
-0.699976
-0.696025
-0.618787
-0.485808
-0.350558
-0.283676
-0.248783
-0.140433
-0.018046
0.028588
-0.005401
-0.000059
-0.019008
-0.108623
-0.174405
-0.204811
-0.225502
-0.228772
-0.226334
-0.165206
-0.105061
0.006278
0.066316
0.235447
0.312624
0.310497
0.251047
0.219956
0.186709
0.129814
0.094928
0.086456
0.041341
-0.031970
-0.079470
-0.154868
-0.220153
-0.308679
-0.382497
-0.495802
-0.595675
-0.729357
-0.727662
-0.733997
-0.770481
-0.816609
-0.892903
-0.936917
-0.935197
-0.840229
-0.780181
-0.744984
-0.712109
-0.686214
-0.626995
-0.558296
-0.490133
-0.463850
-0.387715
-0.370712
-0.328437
-0.298752
-0.232204
-0.159869
-0.106959
-0.096195
-0.077890
-0.074627
-0.044098
0.041748
0.134058
0.205650
0.267375
0.342203
0.400121
0.467262
0.477049
0.455348
0.446718
0.441247
0.462246
1.099642
1.558573
2.013650
2.522743
2.826645
3.087575
3.301494
3.522410
3.604297
3.652906
3.623037
3.555156
3.439122
3.213294
2.970228
2.738764
2.567688
2.462626
2.400112
2.316602
2.243122
2.319533
2.415987
2.328410
2.305854
2.320138
2.305687
2.314356
2.287595
2.310758
2.405478
2.459456
2.438619
2.509374
2.513079
2.452243
2.233043
2.240074
2.232819
2.261518
2.378687
2.419447
2.524322
2.658291
2.807148
2.959589
2.964725
2.950120
2.893890
2.729107
2.717278
2.635564
2.271877
1.931532
1.824748
1.725077
1.659237
1.587947
1.644822
1.755995
1.983426
2.109494
2.090892
1.990268
1.932626
1.825553
1.583653
1.309872
1.049332
0.928974
0.787395
0.545446
0.500439
0.380499
0.157749
-0.020962
-0.266835
-0.423723
-0.374291
-0.308961
-0.252660
-0.459345
-0.573764
-0.651286
-0.683062
-0.737667
-0.884520
-0.904140
-0.861345
-0.776519
-0.697222
-0.653473
-0.460982
-0.327252
-0.250657
-0.115996
0.103309
0.204550
0.476980
0.803847
1.089867
1.385298
1.657612
1.810591
1.915398
2.187079
2.390167
2.503696
2.381433
2.120499
1.966883
1.828901
1.687987
1.768947
1.869654
1.951978
1.913662
1.919270
1.739855
1.725443
1.683320
1.598428
1.442705
1.480554
1.413564
1.274770
0.977598
0.661836
0.533739
0.298862
0.713716
1.149470
1.390822
1.665377
1.816832
1.912396
2.137782
2.228580
2.378025
2.436102
2.683586
2.827756
2.925237
3.028902
3.200845
3.216119
3.366135
3.371121
3.289545
3.162617
2.988840
2.734869
2.615605
2.713326
2.700733
2.577126
2.628806
2.485378
2.406904
2.154460
1.843577
1.660366
1.533800
1.341376
1.074020
0.873852
0.456582
0.187478
-0.384469
-0.781927
-1.160996
-1.426409
-1.428240
-1.405422
-1.629192
-2.004519
-2.259781
-2.335103
-2.030867
-2.028621
-2.053999
-2.021757
-1.957502
-1.834595
-1.779616
-1.532785
-1.179139
-1.021848
-0.926058
-1.092535
-1.335757
-1.350751
-1.217078
-0.989190
-0.854415
-0.678459
-0.747457
-0.883937
-1.031049
-1.096267
-0.928261
-0.786054
-0.713543
-0.753103
-0.767538
-0.675171
-0.646962
-0.463527
-0.312136
-0.123756
0.195160
0.445192
0.661539
0.781224
0.848542
0.874862
0.923005
0.938240
0.884442
0.862526
1.066067
1.214186
1.197536
1.187597
1.141546
1.109209
1.166960
1.098395
1.044922
1.060522
1.088578
1.235362
1.311555
1.393798
1.417620
1.481553
1.386326
1.283156
1.107930
0.756195
0.648298
0.548399
0.581145
0.724622
0.770542
0.836827
0.779507
0.886057
1.037616
1.134163
1.358021
1.812291
2.164299
2.393886
2.449957
2.543347
2.425594
2.282562
2.236225
2.109024
1.967781
1.890536
1.799697
1.738331
1.621781
1.586970
1.583892
1.509982
1.511449
1.551215
1.526401
1.470421
1.409804
1.382144
1.419708
1.326862
1.177575
1.123773
1.217190
1.208703
1.197852
1.280201
1.380386
1.345826
1.364039
1.401852
1.380403
1.116528
1.016722
0.954860
0.940982
0.991977
0.932080
0.993390
1.050047
0.977171
1.034180
1.083813
1.113538
0.925505
0.809918
0.738846
0.684316
0.532484
0.505578
0.350304
-0.014658
-0.294048
-0.461730
-0.618155
-0.779934
-0.632953
-0.430811
-0.128725
0.083892
0.382736
0.662767
0.843501
1.014577
0.745369
0.386355
0.170872
-0.088447
-0.140638
-0.254114
-0.305821
-0.315725
-0.367750
-0.435430
-0.474719
-0.537584
-0.530454
-0.569878
-0.586294
-0.673043
-0.711801
-0.722089
-0.701180
-0.547577
-0.262245
-0.029325
-0.053911
-0.043841
-0.081720
-0.081748
0.008507
0.091885
0.181690
0.197331
0.330983
0.439901
0.453214
0.275004
0.245523
0.402306
0.638619
0.941729
1.101468
1.226830
1.311866
1.302912
1.217232
1.040505
0.924488
0.722544
0.473128
0.272325
0.273835
0.236797
0.123713
0.012166
-0.088928
-0.345011
-0.451572
-0.445355
-0.395524
-0.279381
-0.170844
-0.110185
-0.198613
-0.228936
-0.109685
-0.181728
-0.309492
-0.373358
-0.400794
-0.419316
-0.519990
-0.595333
-0.587748
-0.469809
-0.394389
-0.369893
-0.357654
-0.255442
0.043732
0.315920
0.441013
0.502884
0.634175
0.797618
0.801709
0.858001
0.880360
0.991550
1.092093
1.062695
0.982082
0.756962
0.573555
0.531814
0.422851
0.334258
0.363944
0.506702
0.759555
1.032764
1.285304
1.538715
1.529065
1.511260
1.503221
1.471815
1.352260
1.199306
1.057028
1.003710
0.940926
0.877823
0.809604
0.736560
0.748317
0.789683
0.748479
0.675757
0.489030
0.521433
0.583158
0.705442
0.616116
0.468910
0.378547
0.205317
0.050503
-0.206978
-0.388800
-0.541181
-0.754116
-0.869274
-0.923267
-0.948665
-0.997639
-1.068515
-1.033691
-0.760895
-0.614278
-0.455712
-0.346229
-0.262888
-0.200180
-0.143983
-0.194837
-0.135137
-0.118733
-0.181108
-0.140165
-0.094524
0.101856
0.223443
0.323337
0.280651
0.244010
0.331382
0.369735
0.371638
0.303481
0.274543
0.306976
0.418233
0.468725
0.680835
1.089742
1.475870
1.691373
1.843333
1.765087
1.681275
1.687391
1.703266
1.717034
1.681929
1.510016
1.376465
1.421273
1.611692
1.709010
1.772162
1.888396
2.286604
2.807062
3.221129
3.401140
3.375780
3.437896
3.225618
3.111888
3.122934
2.954004
2.692262
2.466882
2.255808
2.254587
2.122639
1.929657
1.744505
1.537283
1.402880
1.220965
1.143499
1.030687
1.029473
1.027958
0.636139
-0.037066
-0.880778
-1.459176
-1.561463
-1.421187
-1.192979
-1.126629
-1.237305
-1.097723
-1.114657
-1.106447
-0.986096
-0.807973
-0.536361
-0.311863
-0.111680
0.093496
0.297056
0.524153
0.700890
0.923111
0.880085
0.916916
0.970423
0.870459
0.498231
-0.001699
-0.135699
-0.155378
-0.079680
0.135293
0.205654
0.226527
0.245883
0.319670
0.455205
0.545038
0.605220
0.796244
1.062872
1.333844
1.413678
1.468892
1.699627
2.062059
2.448556
2.717879
2.937801
3.130870
3.014319
2.995547
2.888469
2.880149
3.225310
3.326557
3.319312
3.389085
3.492878
3.455417
3.062017
2.726083
2.518772
2.538242
2.404116
2.356192
2.262278
2.066393
1.863049
1.685693
1.431005
1.444899
1.355558
1.135298
1.093382
1.002611
0.990268
0.818543
0.740086
0.406935
0.343903
0.281825
0.408666
0.457916
0.317380
0.261890
0.274462
0.210985
0.189958
0.243913
0.389502
0.416166
0.307870
0.024870
-0.156454
-0.277588
-0.772179
-1.197946
-1.503512
-1.577406
-1.930828
-1.951990
-2.217550
-2.377205
-2.547792
-2.667565
-2.429467
-2.289424
-2.127289
-2.206559
-1.074060
0.072758
1.200177
2.031515
2.506535
2.674638
2.263726
1.571373
0.994272
0.647264
0.440608
0.281654
0.121999
0.281904
0.265968
0.338201
0.597549
0.658320
0.811706
1.017559
1.155278
1.170240
1.399965
1.574366
1.663547
1.619532
1.354398
1.147191
1.097816
1.031464
1.134449
1.240496
1.371668
1.579262
1.631374
1.687913
1.744883
1.801543
1.848537
1.904974
1.978537
2.209065
2.249631
2.207914
2.306422
2.077317
1.847820
1.765818
1.675863
1.346174
0.941703
0.743310
0.571425
0.456570
0.265655
0.177665
0.253483
0.320367
0.450485
0.317552
0.173088
-0.048963
-0.212006
0.288083
0.744414
1.172429
1.403467
1.618742
1.749015
1.965166
2.092177
2.268357
2.302363
2.363395
2.346786
2.216089
1.983137
1.801957
1.572463
1.417817
1.170413
1.101246
1.049662
1.123325
1.161057
1.131917
1.093795
1.063428
0.990822
0.948173
0.821788
0.763660
0.722976
0.528104
0.156417
-0.057598
-0.251741
-0.417730
-0.652306
-0.800736
-0.827333
-0.876235
-0.811230
-0.990372
-1.367530
-1.349890
-1.204218
-1.066793
-0.954145
-0.854218
-0.566762
-0.402895
-0.159034
0.084094
0.278406
0.335735
0.417508
0.442516
0.657294
0.916994
1.214514
1.329271
1.435144
1.551994
1.593150
1.776356
2.032072
2.124703
2.202580
2.141172
2.022392
2.053862
2.118132
2.153122
2.140045
2.091052
2.030433
1.958206
1.801125
1.609667
1.526677
1.407563
1.270279
1.195310
1.140502
1.013566
0.935271
0.948627
1.074320
1.104714
1.138274
1.155584
1.183099
1.448040
1.744413
1.894512
1.737644
1.721777
1.571661
1.480810
1.439024
1.447323
1.403825
1.352951
1.401378
1.434517
1.275016
1.083669
1.031489
1.021929
0.911853
0.829579
0.795552
0.713558
0.663523
0.638298
0.631204
0.718168
0.669628
0.637528
0.506994
0.403731
0.291104
0.281712
0.393992
0.468696
0.687012
0.946751
1.060487
1.037795
0.900499
0.910303
0.883680
0.733890
0.422301
-0.398600
-0.977384
-1.308029
-1.387046
-1.516110
-1.789809
-2.125843
-2.679193
-2.913081
-3.131733
-3.151683
-3.192821
-2.809749
-2.501532
-2.281802
-2.120340
-1.967281
-1.788249
-1.823045
-2.094374
-2.259155
-2.200574
-2.139172
-2.015634
-1.819292
-1.583306
-1.532739
-1.273032
-1.063028
-0.857662
-0.742830
-0.694652
-0.660956
-0.631012
-0.731187
-0.811710
-0.806515
-0.880206
-0.973381
-1.138991
-1.111376
-0.931092
-0.621284
-0.152902
0.334668
0.668978
1.062081
1.400244
1.786437
2.031159
2.203734
2.284313
2.280729
2.402699
2.505977
2.726655
2.972181
3.082810
3.038628
2.916735
3.020131
2.876067
2.741589
2.691139
2.603395
2.693243
2.728159
2.728413
2.686351
2.606829
2.482111
2.388019
2.262358
2.153280
2.234734
2.212458
2.176174
2.200326
2.124770
2.191333
2.165860
2.153928
2.139976
2.095086
2.069544
2.067429
2.086086
2.141546
2.138257
2.143221
2.144224
2.108609
2.064652
1.892610
1.822405
1.741847
1.723497
1.687884
1.755618
1.859676
1.900865
1.882756
1.865459
1.786774
1.714337
1.583803
1.432372
1.318146
1.124288
0.932469
0.756401
0.771773
0.738327
0.808210
0.975803
1.086414
1.303487
1.540071
1.713462
1.920724
2.264638
2.684576
3.008520
3.149861
3.148919
3.063635
3.027316
2.918094
2.784110
2.627465
2.497930
2.356808
2.186677
1.635189
1.408636
1.246992
1.120497
0.995061
1.042595
1.221119
1.360634
1.474377
1.473300
1.461250
1.601082
1.693988
1.682058
1.678273
1.783019
1.437131
1.057223
0.926214
0.778716
0.618383
0.552727
0.672879
0.709890
0.863218
0.932826
1.109952
1.118013
0.871474
0.880580
0.702179
0.549619
0.220408
0.112333
-0.094874
-0.047132
0.155141
0.453045
0.970854
1.394200
1.766631
2.019144
2.443658
2.850515
3.167904
3.372492
3.619591
3.714502
3.772857
4.160881
4.577812
4.597028
4.608357
4.520044
4.342703
4.236437
4.293163
4.228853
4.126287
3.697367
3.373429
3.294179
3.214492
3.035654
2.614449
2.294537
2.047260
1.978570
1.828018
1.611853
1.310848
1.133470
1.046196
1.115070
1.319857
1.469251
1.465849
1.555767
1.697831
1.609501
1.726171
1.754034
1.763054
1.583305
1.478678
1.249825
1.256510
1.219508
1.092062
0.934295
0.188190
-0.291615
-0.387399
-0.374268
-0.189002
-0.153378
-0.084631
-0.152654
0.020749
0.235343
0.422329
0.491423
0.631694
0.719238
0.874558
1.048504
1.299675
1.475268
1.478764
1.498155
1.200320
0.995575
0.728089
0.512617
0.916305
1.380889
1.744299
2.216552
2.262943
2.273500
2.355578
2.399422
2.351386
2.266214
2.106650
1.982357
1.806545
1.638640
1.619243
1.538527
1.437015
1.589995
1.612757
1.764576
1.883357
1.906295
1.321004
1.010920
0.590532
-0.035135
-0.416439
-0.452772
-0.150609
-0.003095
0.115705
0.041538
0.089851
0.133858
0.309603
0.494821
0.529794
0.421927
0.297507
0.176694
-0.016498
-0.037643
-0.029849
-0.139868
0.171196
0.672216
1.029971
1.499551
1.964440
2.273576
2.487474
2.621127
2.025884
1.458263
0.933907
0.687943
0.606256
0.860817
1.367944
1.526314
1.707186
2.030467
1.939926
1.937822
1.895743
2.335757
2.429721
1.756105
1.531408
0.928680
-0.240165
-0.791822
-1.191077
-1.750368
-1.660462
-1.536001
-1.628392
-1.789914
-1.744497
-1.602879
-1.130640
-0.616941
-0.484248
-0.625251
-0.918457
-1.083465
-0.898860
-0.793441
-0.388300
-0.175746
0.223329
0.495956
0.474159
0.635951
0.729139
0.891959
0.009816
-1.033229
-1.739736
-2.632416
-3.740557
-4.512684
-5.691612
-6.485798
-6.494852
-6.778926
-6.866803
-6.937968
-6.576426
-6.388934
-6.110996
-5.256418
-4.424866
-3.918381
-3.425057
-2.974787
-2.282584
-1.897724
-1.435764
-1.202654
-1.041413
-1.393814
-1.654027
-0.684747
0.036993
0.475201
0.961486
1.507819
1.755141
2.135520
2.517691
2.864204
3.401397
4.012457
4.561950
4.912556
4.946192
4.826834
4.722984
4.501644
4.421317
4.252954
4.319872
4.245692
4.058621
3.931216
3.940558
4.230833
4.586339
4.755964
4.807540
4.665527
4.249014
3.947655
3.861204
3.818073
3.741569
3.989987
4.062566
4.269372
4.317333
4.665481
4.845192
4.949921
4.545593
4.388406
3.963163
3.615943
3.150333
2.992144
2.464763
2.479781
2.844598
3.218463
3.378972
3.386448
3.703115
3.940925
4.075152
4.354047
4.472679
4.413343
4.464138
4.530441
4.830702
5.236653
2.205227
-0.304239
-2.572405
-4.198889
-5.499538
-6.079368
-6.351892
-5.862023
-5.561392
-5.153189
-4.941369
-4.944857
-4.907990
-4.738615
-4.677953
-4.962415
-5.200527
-5.431520
-5.541028
-5.482311
-5.432863
-5.192608
-4.721038
-4.393501
-4.115534
-3.712048
-3.505989
-3.669151
-4.072664
-4.713334
-5.120887
-5.290898
-5.223402
-5.425297
-5.572704
-5.548105
-5.604410
-5.606992
-5.324948
-4.807163
-4.593206
-4.175395
-3.840354
-3.371359
-2.814723
-2.695936
-2.733287
-2.979492
-2.891142
-3.074557
-3.304474
-3.453333
-3.478754
-3.979141
-4.168684
-4.238569
-4.262570
-3.813196
-3.366614
-3.337336
-3.345766
-3.256010
-3.179693
-3.749762
-3.761984
-4.173816
-4.710565
-4.747953
-4.278808
-3.865674
-3.609620
-3.501093
-3.275653
-2.934860
-2.926377
-3.118517
-3.505539
-3.720151
-3.681569
-3.638901
-3.908619
-4.711975
-5.217488
-5.363430
-5.663148
-5.462491
-5.353116
-5.066021
-4.630195
-4.082008
-3.567709
-3.376190
-3.052051
-2.939612
-2.464628
-2.046055
-1.501748
-1.017500
-0.702290
-0.756046
-0.512737
-1.147492
-1.618968
-2.643982
-3.487921
-3.302086
-3.091735
-2.996996
-3.056936
-2.702907
-2.709032
-2.187575
-1.746119
-1.022971
-0.309133
0.251273
0.655565
1.091684
1.704921
2.053469
2.363774
2.718755
2.768856
2.515699
2.410740
2.554708
2.515542
2.194537
2.415008
3.858112
4.866606
5.883669
6.765828
7.326428
7.354289
7.368091
7.172088
6.876962
6.489990
6.103274
5.615069
5.151829
4.751721
4.183070
3.837454
3.740717
3.583210
3.313673
2.956244
2.708729
2.889978
3.309361
3.699940
3.694155
3.685017
3.832900
3.893117
4.011598
3.803439
3.262762
2.362429
1.717867
1.502009
1.366826
1.106534
1.045547
1.096733
0.979950
0.851759
0.832559
0.968369
1.502484
1.851178
2.301111
2.603467
2.747666
3.040727
3.254826
3.360746
3.532271
3.670276
3.674351
3.628492
3.511326
3.631594
3.871102
3.918909
4.763670
5.230038
5.798273
6.067309
6.179434
6.156974
6.303742
6.220056
5.755744
5.308025
4.825761
4.368195
3.417473
2.569044
2.316982
2.150529
1.860795
1.406778
1.202556
1.068735
0.596724
0.235271
0.208659
0.016315
-0.069155
-0.577267
-2.031347
-2.880198
-3.458981
-3.860262
-3.730208
-3.468539
-2.962348
-2.776104
-2.404703
-1.778396
-0.654783
0.189926
0.770596
1.380287
1.970670
2.527230
2.634537
2.594456
2.680267
2.996156
3.209504
3.499625
3.862544
4.039047
4.080250
4.341247
4.777056
4.944405
5.309542
5.458530
5.507468
5.320313
5.031683
4.555158
4.445801
4.312648
4.342654
4.001575
3.612165
2.961975
2.506561
1.897031
1.278203
0.482845
-0.727340
-1.445435
-1.940520
-1.906633
-2.042629
-2.323736
-2.271798
-2.902423
-3.133683
-3.190612
-3.001817
-3.007954
-2.999223
-3.078661
-3.448035
-3.489932
-3.408001
-3.268277
-2.817629
-2.424470
-2.350464
-1.886778
-1.202047
-0.923900
-0.594140
-0.535620
-0.298595
-0.190857
-0.126608
-0.152206
-0.022151
0.084782
0.327140
0.496540
0.375513
-0.165526
-0.466277
-0.911182
-1.489483
-1.847418
-2.287881
-2.703424
-2.616873
-2.433885
-2.324207
-2.365749
-2.203815
-2.037470
-1.552072
-1.226680
-0.510242
0.109534
0.660874
0.723139
1.075589
0.747560
0.785968
0.825452
0.967435
1.188106
1.340278
1.359668
1.630590
1.981420
2.321456
2.529502
2.442706
2.256724
2.118797
1.888470
2.074186
2.093944
2.082370
2.205127
2.459650
2.784196
2.862353
2.924471
3.010810
3.121522
3.107276
3.302414
3.388947
3.263365
3.057587
2.852745
2.711598
2.704927
2.692008
2.613715
2.633471
2.179395
1.588203
1.410851
1.293314
1.514352
1.954260
2.295793
2.527639
2.595922
2.832828
3.010885
2.821718
2.708362
2.950053
3.017246
3.349010
3.607469
3.941162
4.403388
4.696203
5.179222
5.271282
5.450061
5.577480
5.643264
5.574654
5.447798
5.161881
4.733862
4.099672
3.789014
3.936401
2.914139
1.472150
0.507489
0.195832
-0.028240
-0.144440
-0.115773
-0.033760
-0.437381
-0.463839
-0.289424
-0.066514
0.397665
0.732077
0.753601
0.410878
-0.616962
-1.730319
-2.548587
-3.754938
-4.440313
-4.609991
-5.531990
-5.723049
-6.333217
-7.064566
-8.481610
-8.801954
-9.586816
-11.350491
-11.341741
-13.141704
-14.130145
-14.939776
-14.911655
-14.990915
-15.012205
-13.830341
-13.127282
-11.858078
-11.251061
-9.916548
-8.690173
-8.204664
-7.843258
-7.790610
-6.753570
-5.602458
-4.201987
-2.984272
-2.028124
-0.986262
-0.254475
0.264326
0.906301
1.319173
1.034110
1.714768
2.455857
3.402570
3.900505
3.880022
4.719586
6.162783
7.028617
7.865396
8.575747
9.146241
9.711542
10.130721
10.409898
10.264298
9.634392
9.167491
9.021886
8.989268
9.155629
10.225848
11.061081
11.870212
12.152690
11.991410
11.434837
10.838947
10.792607
10.697923
10.297611
9.557905
9.226822
8.912532
9.144670
9.067574
7.922640
7.266380
6.982115
6.931114
6.802596
6.657090
6.694575
6.681954
6.836831
6.224534
5.806300
3.848923
2.635264
2.167295
2.611965
2.601128
3.110232
3.519926
4.017778
4.435437
4.757587
4.471549
4.254721
4.080229
3.948872
3.888705
4.067678
3.868780
3.518887
2.624712
1.743466
1.255727
0.589655
0.313961
0.190908
1.621554
2.587542
3.144968
3.489218
5.008284
6.393441
6.971858
6.797549
6.883460
6.984802
6.979816
6.889987
6.835220
6.734361
7.090733
7.129591
7.428189
8.329732
10.783080
11.729571
12.372553
12.698622
12.988064
13.630013
13.069831
11.812711
9.770207
8.262829
6.538554
4.995050
3.692134
3.129427
1.942924
0.297170
-1.178304
-2.670276
-3.282273
-4.181447
-4.797592
-4.803659
-4.594126
-3.981139
-3.446737
-2.611443
-2.460926
-1.939229
-1.986227
-2.043491
-1.615152
-1.206110
0.029532
1.028404
1.454661
1.365207
1.216543
0.724838
0.822735
1.781114
2.463021
3.501290
3.662197
4.239523
3.397491
3.748859
2.567865
1.473719
0.913991
2.226410
3.811621
4.908849
4.544695
3.701843
3.322381
2.875537
2.641852
2.588999
2.202189
1.632327
1.244631
0.668236
0.107717
0.344603
0.420172
0.651685
0.758634
1.597997
2.314785
2.397686
2.263803
2.602168
2.663713
2.244426
1.826528
1.193514
0.735016
0.475907
0.277052
0.023168
-0.022847
-0.346614
-1.051030
-1.509578
-1.908274
-1.433083
-1.062002
-1.150847
-1.104433
-1.392121
-1.439716
-2.071652
-2.109989
-2.209312
-3.117906
-4.252926
-5.049845
-6.095296
-6.388624
-5.768653
-4.708235
-3.393798
-2.195264
-0.951224
0.356570
0.586591
0.190549
-0.653993
-1.014655
-0.881219
-0.800934
-0.741670
-0.558351
-0.529617
-0.272122
0.125768
0.318011
0.473778
0.867228
1.133695
0.996099
0.252328
-0.431395
-0.521020
-0.708947
-1.615511
-2.073640
-1.827402
-2.085109
-2.549636
-2.706634
-2.269107
-2.616012
-2.025970
-1.607606
-0.545154
-0.143688
0.599270
1.615670
2.770905
3.214453
4.441912
5.626595
6.258509
6.005011
5.466742
5.324146
5.773976
5.835648
6.338375
6.989477
8.237611
8.910222
9.880498
10.522503
10.860911
10.928886
10.715603
9.872767
9.498775
8.966687
8.133322
7.420420
6.683184
5.634544
5.116499
4.804681
4.547903
4.576492
6.334429
7.286151
7.749339
7.687286
7.284625
7.284996
7.127280
5.876680
4.874567
3.716391
2.982820
3.226058
3.341574
2.955250
2.908470
3.239129
3.271424
3.929530
4.652439
5.155431
5.896801
6.089763
6.203454
6.223428
5.920065
5.958740
6.418113
6.473541
6.169578
6.037417
5.769345
5.933112
5.992211
5.517917
5.516602
4.906264
4.581969
4.813339
5.064202
5.409646
5.474256
6.600842
7.109126
7.092889
7.532217
7.815311
7.794882
7.507367
6.810455
6.567344
6.520606
6.324322
5.742683
4.968661
4.042364
2.934725
2.409199
2.334566
2.645157
4.342114
5.835147
6.567464
7.502728
6.956593
6.288292
5.346025
4.490219
4.381197
4.568928
4.707021
4.610003
4.443168
4.168487
4.120365
4.077985
4.267939
3.721175
3.011077
2.394091
2.222446
2.380133
2.648861
3.058960
3.025516
3.622955
4.690316
5.371008
6.056096
5.983775
5.937099
6.305120
6.153853
5.999512
5.865262
5.519337
5.187009
4.659324
4.124192
2.992630
1.352432
0.193959
-1.854237
-3.218444
-3.692186
-3.971816
-5.177090
-6.145358
-6.851487
